# Created by Octave 8.4.0, Tue Dec 12 14:33:56 2023 UTC <root@bee59420abf6>
# name: OutputFile
# type: sq_string
# elements: 1
# length: 15
Results/sys.txt


# name: pathname
# type: sq_string
# elements: 1
# length: 7
Results


# name: sys
# type: scalar struct
# ndims: 2
 1 1
# length: 5
# name: omegaS
# type: matrix
# rows: 1
# columns: 5
 8.7230791270703829 26.007058474013082 41.001640091074428 50.109459473913894 57.777151185539488


# name: zetaS
# type: matrix
# rows: 1
# columns: 5
 0.050667457097104948 0.04559590289508194 0.049930980158223934 0.049288521250850606 0.048344890904359415


# name: PhiS
# type: complex matrix
# rows: 3
# columns: 5
 (0.084939771476098089,-0.44563726185130315) (-1.0431003091145898,-1.4353739091937758) (-2.8412489159451573,1.7970214166422682) (2.7002389759556396,2.0338320909009551) (1.3318125412106336,-0.26280314172596081)
 (0.27462490741409906,-1.4475249381817543) (-1.028685258830909,-1.40454161526515) (2.092241434222081,-1.3382537925754545) (-0.10285338573898818,-0.016289477074459428) (3.8791895345121099,-0.64025068070906566)
 (0.36594429278787671,-1.8722903254477132) (1.5231695080061778,2.0689283513290517) (-1.7016185215414348,1.0607912756322011) (-1.6378319518018007,-1.2932476076360737) (1.318126843121054,-0.2369430276496145)


# name: Fs
# type: scalar
100


# name: otype
# type: scalar
2




