# Created by Octave 8.3.0, Tue Dec 12 13:23:15 2023 GMT <unknown@D49478>
# name: OutputFile
# type: sq_string
# elements: 1
# length: 15
Results\mod.txt


# name: mod
# type: scalar struct
# ndims: 2
 1 1
# length: 5
# name: MU
# type: sparse matrix
# nnz: 5
# rows: 5
# columns: 5
1 1 1
2 2 1
3 3 1
4 4 1
5 5 1


# name: CdamU
# type: sparse matrix
# nnz: 25
# rows: 5
# columns: 5
1 1 4.2411881882807698
2 1 -0.96059400011935192
3 1 -0.22989697487952279
4 1 -0.051244939373936572
5 1 0.0086489667061281257
1 2 -0.96059400011935181
2 2 3.6804918626168326
3 2 -1.3554507471865254
4 2 -0.26921138625946617
5 2 -0.04973562768326787
1 3 -0.22989697487952274
2 3 -1.3554507471865256
3 3 3.7880353070531596
4 3 -1.1911709627436955
5 3 -0.29333128202390107
1 4 -0.051244939373936711
2 4 -0.26921138625946617
3 4 -1.1911709627436955
4 4 3.6680575607881685
5 4 -1.4963207156209037
1 5 0.008648966706128183
2 5 -0.049735627683267856
3 5 -0.29333128202390107
4 5 -1.4963207156209037
5 5 2.5022755853281335


# name: KU
# type: sparse matrix
# nnz: 13
# rows: 5
# columns: 5
1 1 1955.8820537460301
2 1 -754.6958795906213
1 2 -754.6958795906213
2 2 1754.6958795906212
3 2 -1000
2 3 -1000
3 3 1881.0159832887534
4 3 -881.01598328875355
3 4 -881.01598328875355
4 4 1790.1507452224432
5 4 -909.13476193368979
4 5 -909.13476193368979
5 5 909.13476193368979


# name: ReMo
# type: double_range
# base, limit, increment
1 5 1


# name: oloc
# type: matrix
# rows: 1
# columns: 3
 1 3 5




# name: pathname
# type: sq_string
# elements: 1
# length: 7
Results


